--- ALU SIMULATION REPORT ---
Time(ns) | SEL |  A   |  B   || RES  | Z
------------------------------------------
0       | 000 | 0000 | 0000 || 0000 | 1
10000       | 000 | 0011 | 0010 || 0101 | 0
20000       | 000 | 0111 | 0001 || 1000 | 0
30000       | 000 | 0000 | 0000 || 0000 | 1
40000       | 001 | 0101 | 0011 || 0010 | 0
50000       | 001 | 1010 | 1010 || 0000 | 1
60000       | 010 | 1100 | 1010 || 1000 | 0
70000       | 011 | 1100 | 1010 || 1110 | 0
80000       | 100 | 1100 | 1010 || 0111 | 0
90000       | 101 | 1100 | 1010 || 0001 | 0
100000       | 110 | 1100 | 1010 || 0110 | 0
110000       | 111 | 1100 | 1010 || 1001 | 0
